Version	1
DOCDATE	2018|03|02
SUBSECTOR	506	NB-01-020-002 (Charlo)
PSS	334232	45.23432	-65.34232	true	false
ADDRESS	3642	Bouctouche	Civic	1813	515	Route	E4S 2A9
PICTURE	364632	DS3478273624.jpg	3238574 bytes
PICTURE	354532	DS3478273625.jpg	2338374 bytes
OBS	324137	2018|08|12|15|34|12	2018|03|22
DESC	This will hold the old comment field that was use before the new system no tab allowed
ISSUE	52341	2018|03|12|15|34|12	12323,24012,34502,45603,56706,68008
ISSUE	52343	2018|03|12|15|34|12	12323,24012,34502,45603,56706,68009
PSS	334233
OBS	873623	2018|08|12|15|34|12	2018|03|22
ISSUE	52352	2018|03|12|15|34|12	12323,24012,34502,45603,56706,68008
ISSUE	83746	2018|03|12|15|34|12	12323,24012,34502,45603,56706,68009
PSS	334234
OBS	523635	2018|08|12|15|34|12	2018|03|22
ISSUE	283721	2018|03|12|15|34|12	12323,24012,34502,45603,56706,68008
ISSUE	536722	2018|03|12|15|34|12	12323,24012,34502,45603,56706,68009
Subsector	635	NB-06-020-002 (Bouctouche River and Harbour)
PSS	334235
OBS	29836	2018|08|12	2018|03|22
DESC	This will hold the old comment field that was use before the new system no tab allowed
ISSUE	637236	2018|03|12|15|34|12	12323,24012,34502,45603,56706,68008
ISSUE	236746	2018|03|12|15|34|12	12323,24012,34502,45603,56706,68009
PSS	334236
OBS	236723	2018|08|12|15|34|12	2018|03|22
ISSUE	25236	2018|03|12|15|34|12	12323,24012,34502,45603,56706,68008
ISSUE	63722	2018|03|12|15|34|12	12323,24012,34502,45603,56706,68009
PSS	334237
OBS	521241	2018|08|12|15|34|12	2018|03|22
ISSUE	122128	2018|03|12|15|34|12	12323,24012,34502,45603,56706,68008
ISSUE	56251	2018|03|12|15|34|12	12323,24012,34502,45603,56706,68009
App	521,66,271,31,426,62,547,79,83,17,282,36,130,44,252,64,337,43,67,8,
